-6.22969653e+01 -1.09790114e+01 -9.99002460e-03 -9.81450000e+00
-6.35540500e+01 -1.10667000e+01 -9.39109958e-03 -1.05197000e+01
-2.17572730e+00 -9.49695141e+00 -5.50282585e-01 -1.11950573e+01
-8.78868904e-01 -1.06913823e+01 -6.17941124e-01 -1.13107552e+01
-2.51894012e+00 -9.84322062e+00 -3.77534397e-01 -1.07717000e+01
-1.67984415e+00 -9.61352452e+00 -5.43764623e-01 -1.11760118e+01
-7.23298154e+00 -1.03345813e+01 -1.40397546e-01 -1.04290000e+01
-4.53978986e+00 -1.01392611e+01 -2.32531635e-01 -1.05702000e+01
-6.34042826e+00 -9.61167608e+00 -2.00451616e-01 -1.05074000e+01
-3.64480553e+00 -9.62845718e+00 -3.21014691e-01 -1.07293000e+01
-6.36447517e+00 -9.61144095e+00 -1.98548436e-01 -1.05313000e+01
-2.82123739e+00 -9.52614697e+00 -4.32444057e-01 -1.08940000e+01
-1.54173829e+00 -9.87155140e+00 -5.05634363e-01 -1.10738310e+01
-4.81104472e+00 -1.04531100e+01 -2.12394947e-01 -1.05984000e+01
-1.12352193e+01 -1.05905141e+01 -7.14907927e-02 -1.04069000e+01
-2.34321302e+00 -9.58815377e+00 -4.54562091e-01 -1.09592000e+01
-4.56225750e+00 -9.65939950e+00 -2.61628421e-01 -1.05889000e+01
-3.60944223e+00 -9.61923048e+00 -3.25611199e-01 -1.06864000e+01
-1.26801059e+00 -9.82255141e+00 -5.70891679e-01 -1.12271658e+01
-8.23546300e+00 -9.71987540e+00 -1.35700699e-01 -1.04310000e+01
-9.16200709e-01 -1.05078514e+01 -6.06712485e-01 -1.12873386e+01
-1.19071162e+01 -9.69361406e+00 -7.61068192e-02 -1.04099000e+01
-8.79200347e+00 -9.65101926e+00 -1.29844993e-01 -1.04442000e+01
-3.93817423e+00 -9.78333048e+00 -2.81251367e-01 -1.06187000e+01
-7.23247518e+00 -9.88380999e+00 -1.51704446e-01 -1.04768000e+01
-1.06066605e+00 -1.01502514e+01 -5.86830157e-01 -1.12520155e+01
-9.96853095e-01 -1.02650514e+01 -5.92881657e-01 -1.12606191e+01
-2.08854529e+01 -9.79840000e+00 -2.16507868e-02 -1.02822000e+01
-6.06883799e+00 -9.93131358e+00 -1.82742525e-01 -1.05476000e+01
-3.15155196e+00 -9.68891706e+00 -3.42508496e-01 -1.07247000e+01
-3.12191472e+00 -9.83703048e+00 -3.28926164e-01 -1.06872000e+01
-8.47572342e+00 -9.70281406e+00 -1.30357386e-01 -1.05128000e+01
-1.44600964e+01 -9.72534975e+00 -5.11309794e-02 -1.03315000e+01
-7.28891090e+00 -9.62795176e+00 -1.69176492e-01 -1.04687000e+01
-1.23764471e+01 -1.00530141e+01 -6.31187775e-02 -1.03813000e+01
-3.03457601e+00 -1.00082305e+01 -3.22568976e-01 -1.06792000e+01
-9.42170685e+00 -1.03821448e+01 -9.75067540e-02 -1.03838000e+01
-3.43599168e+00 -9.71443048e+00 -3.17886057e-01 -1.06767000e+01
-1.42534619e+00 -9.69755141e+00 -5.62618942e-01 -1.12101081e+01
-3.02774011e+00 -9.59422062e+00 -3.79166680e-01 -1.07806000e+01
-3.00758326e+00 -9.53702757e+00 -4.06938797e-01 -1.08457000e+01
-6.39186035e+00 -9.71744037e+00 -1.84677655e-01 -1.04869000e+01
-1.82177713e+01 -9.76891406e+00 -2.97307130e-02 -1.03024000e+01
-1.13018183e+00 -1.00211514e+01 -5.81003400e-01 -1.12445921e+01
-1.90036992e+01 -9.77771406e+00 -2.72537601e-02 -1.02914000e+01
-6.55758025e+00 -9.80740886e+00 -1.73568937e-01 -1.04994000e+01
-2.54491285e+00 -1.01884305e+01 -3.52417303e-01 -1.07307000e+01
-1.71428440e+00 -9.66459817e+00 -5.12716658e-01 -1.10918801e+01
-1.13930973e+01 -9.72646478e+00 -8.07865325e-02 -1.03658000e+01
-3.60061539e+00 -9.89073048e+00 -2.91616704e-01 -1.06317000e+01
-8.74586975e+00 -9.71731406e+00 -1.23953342e-01 -1.04798000e+01
-8.47733700e+00 -9.64686722e+00 -1.37675018e-01 -1.04331000e+01
-4.95095343e+00 -1.00060010e+01 -2.19462414e-01 -1.05710000e+01
-9.13556911e+00 -9.71761406e+00 -1.16234620e-01 -1.04954000e+01
-2.90303031e+00 -9.52748026e+00 -4.24837549e-01 -1.08939000e+01
-2.13272240e+00 -9.76566086e+00 -4.30065514e-01 -1.08934000e+01
-1.22218880e+01 -9.69828826e+00 -7.30619098e-02 -1.03642000e+01
-1.05548261e+01 -1.04509335e+01 -8.05249792e-02 -1.03599000e+01
-5.68125028e+00 -1.05233100e+01 -1.80145347e-01 -1.05272000e+01
-7.30143784e+00 -9.63112256e+00 -1.68203094e-01 -1.04663000e+01
-1.64881809e+00 -9.60285141e+00 -5.57384145e-01 -1.12037308e+01
-3.95898889e+00 -1.02120857e+01 -2.57610580e-01 -1.05747000e+01
-4.84863660e+00 -1.00779404e+01 -2.20874519e-01 -1.05296000e+01
-6.49056946e+00 -1.01023497e+01 -1.64379138e-01 -1.05289000e+01
-5.08623223e+00 -1.01652204e+01 -2.09288608e-01 -1.05098000e+01
-4.85971708e+00 -9.58319950e+00 -2.64941739e-01 -1.05954000e+01
-3.65104412e+00 -9.55202062e+00 -3.45423568e-01 -1.07350000e+01
-3.78437673e+00 -9.74733048e+00 -2.92627440e-01 -1.06350000e+01
-1.56849412e+01 -9.75911406e+00 -4.15846088e-02 -1.03264000e+01
-7.35624104e+00 -9.83871406e+00 -1.50216947e-01 -1.05151000e+01
-9.20274502e+00 -9.91091406e+00 -1.09351213e-01 -1.04366000e+01
-4.95286617e+00 -1.02880277e+01 -2.10400803e-01 -1.05319000e+01
-4.06628285e+00 -1.02281016e+01 -2.51157741e-01 -1.06104000e+01
-2.13890836e+00 -9.95392081e+00 -4.08884942e-01 -1.08459000e+01
-1.83520501e+00 -9.80335377e+00 -4.65873825e-01 -1.09675000e+01
-1.70824186e+01 -9.98340000e+00 -3.23975860e-02 -1.03208000e+01
-1.70771377e+00 -9.90409694e+00 -4.72530984e-01 -1.09895995e+01
-1.03894010e+01 -9.67381406e+00 -9.87394892e-02 -1.04240000e+01
-3.89318026e+00 -9.57513048e+00 -3.20619605e-01 -1.06932000e+01
-5.29549783e+00 -9.62482041e+00 -2.35336737e-01 -1.05541000e+01
-3.28922772e+01 -9.92421406e+00 -9.75371754e-03 -1.01359000e+01
-5.02775319e+00 -1.00593100e+01 -2.14014423e-01 -1.06157000e+01
-1.09081531e+01 -9.82786100e+00 -8.47934511e-02 -1.03778000e+01
-3.21931810e+00 -1.01172647e+01 -3.04523882e-01 -1.07182000e+01
-1.63112223e+01 -9.82841406e+00 -3.71145786e-02 -1.03167000e+01
-8.11290506e+00 -9.68751406e+00 -1.39783616e-01 -1.05280000e+01
-1.81788388e+00 -9.59439650e+00 -5.32932799e-01 -1.11546908e+01
-4.45232374e+00 -1.00568204e+01 -2.39803999e-01 -1.05511000e+01
-2.06221592e+00 -9.65305378e+00 -4.64500990e-01 -1.09781000e+01
-2.90426668e+00 -9.58353661e+00 -3.96700754e-01 -1.08150000e+01
-1.30982147e+00 -9.78435141e+00 -5.68325367e-01 -1.12234318e+01
-6.04967587e+00 -9.60567608e+00 -2.10547255e-01 -1.05221000e+01
-3.90249809e+00 -9.61573048e+00 -3.07146630e-01 -1.06658000e+01
-4.00946254e+00 -1.00193257e+01 -2.61827783e-01 -1.06333000e+01
-4.27278905e+00 -9.90228567e+00 -2.56767279e-01 -1.05773000e+01
-2.93240419e+00 -9.65098589e+00 -3.66531732e-01 -1.07732000e+01
-3.54255980e+00 -9.54713048e+00 -3.54281590e-01 -1.07868000e+01
-4.45904971e+00 -9.62828567e+00 -2.73799173e-01 -1.06180000e+01
-4.23909316e+00 -9.56613048e+00 -3.02270470e-01 -1.06608000e+01
-4.85877853e+00 -9.65002041e+00 -2.50511734e-01 -1.05855000e+01
-1.43672199e+00 -9.69205141e+00 -5.62169776e-01 -1.12098680e+01
-2.50031834e+00 -9.75790820e+00 -3.89859682e-01 -1.08118000e+01
-8.58947020e+00 -9.64806722e+00 -1.34825825e-01 -1.04307000e+01
-3.55747429e+00 -1.04325348e+01 -2.72276651e-01 -1.06920000e+01
-2.29092950e+00 -1.04907823e+01 -3.68595782e-01 -1.07523000e+01
-7.67979223e+00 -9.84537540e+00 -1.42576034e-01 -1.04371000e+01
-9.24510353e+00 -9.79559422e+00 -1.12024458e-01 -1.04101000e+01
-6.76122863e+00 -9.70309609e+00 -1.74081011e-01 -1.04752000e+01
-1.86480881e+01 -9.77421406e+00 -2.84202003e-02 -1.02905000e+01
-2.24447795e+01 -9.81601406e+00 -1.80150132e-02 -1.02452000e+01
-2.77860083e+00 -9.53308026e+00 -4.32568159e-01 -1.09103000e+01
-2.17572730e+00 -9.49695141e+00 -5.50282585e-01 -1.11950573e+01
-4.51013558e+00 -9.67422041e+00 -2.62432348e-01 -1.06015000e+01
-1.08931969e+01 -9.88151406e+00 -8.30091838e-02 -1.04079000e+01
-4.24399800e+00 -1.00568875e+01 -2.48795568e-01 -1.06325000e+01
-3.13370140e+00 -1.05141305e+01 -2.98958850e-01 -1.06336000e+01
-4.72339573e+00 -9.94882041e+00 -2.32494329e-01 -1.05460000e+01
-4.12116270e+00 -9.66115002e+00 -2.83561405e-01 -1.07068000e+01
-3.75647653e+01 -9.97791141e+00 -9.99002460e-03 -1.00824000e+01
-5.24661624e+00 -1.04639588e+01 -1.95619180e-01 -1.05119000e+01
-4.43506889e+01 -1.00718000e+01 -9.52645158e-03 -1.00215000e+01
-9.37891644e+00 -9.66065377e+00 -1.18133612e-01 -1.04108000e+01
-3.17707292e+00 -9.63102062e+00 -3.53801740e-01 -1.07406000e+01
-3.85482491e+00 -9.70174546e+00 -2.93706422e-01 -1.07133000e+01
-1.70500102e+01 -9.75584975e+00 -3.49541615e-02 -1.03026000e+01
